6.247910095211953304e-04
1.687365546840955410e-01
3.615283395465230826e-03
2.792634966198749482e-03
1.498300164535585179e-03
2.761582884168941460e-03
1.549187533349391608e-03
2.209349531332633482e-03
1.853731049436573280e-03
1.403993994144578372e-03
1.799777918396538957e-03
7.737785642476260840e-04
1.335362484596864900e-03
1.711297681919916446e-03
1.313012492876483887e-03
7.149181881048747092e-04
5.972622836997623468e-04
1.026734145016519693e-03
1.304194810299313598e-03
1.697135875650942604e-03
1.477899896069975565e-03
1.225397562179356917e-03
1.223059283822423328e-03
9.397904597788894667e-04
1.430759869460866132e-03
9.182907053163884021e-04
1.158479598719575673e-03
1.150023870322174806e-03
1.359748547997262618e-03
5.130659760626284484e-04
8.841502872893383658e-04
8.689472903569136564e-04
1.411829919576213233e-01
9.216487405656882681e-02
