-2.547102292456640375e-03 -3.480902564826267320e-05 2.713542235489036698e-05 -3.827516439919123636e-05 -6.215110953487833862e-04 -3.435535144115824449e-05 -2.813542905174224527e-05 2.608529369063608587e-05 -1.373321107190764673e-05 -3.623058265728058825e-05
6.865834705852457143e-01 -1.317464398394451071e-02 1.026331289517772374e-02 -1.227911099297934391e-02 1.673807938453029109e-01 -1.094513083263555335e-02 -8.825817891780805141e-03 9.863734020944172481e-03 -5.166314209694019936e-03 -1.213453120008579217e-02
2.158342637412299318e-03 9.965610624506775483e-01 1.543063413642891540e-03 4.138933179769184803e-03 2.354429914657350624e-03 6.947582585252218973e-03 -1.463655939697642780e-02 -4.463725075818184181e-03 5.015656628523299659e-03 -9.252129780700594011e-03
1.613484221127826652e-03 4.833899144755097674e-03 -2.446216559766213605e-03 -1.940765500965726739e-02 1.808820904301551439e-03 -1.257574887048596747e-02 3.026345634611342719e-02 -9.918593127398845910e-01 -5.905575861697840399e-03 1.383858253836611416e-02
8.426944032960164343e-04 5.521308537670278904e-03 -1.896806997063358105e-03 6.193726895458559825e-03 1.011569547147285952e-03 -7.827676804255242690e-03 1.246490321789367473e-02 5.985908310747738159e-03 9.873574837913272617e-01 1.447391813389372825e-02
1.680030183597642840e-03 -1.499334612019389982e-03 -9.992155754885303498e-01 5.203214205518317918e-03 1.853141551613360881e-03 3.249372114479703432e-03 -8.931250239462503598e-03 -2.157263619981513152e-03 1.708287552801102810e-03 -4.080689645135226681e-03
7.112566295076314148e-04 -1.779599887363728095e-02 6.795305597105733529e-03 8.471952461939677090e-03 4.026007521756183138e-04 -1.323136221892183273e-01 -1.225509912693393925e-02 -1.805183209437589281e-02 7.443296842195233631e-02 5.365976537835924765e-01
8.222097787383055717e-04 1.543051865128612817e-02 -3.831225151042122121e-03 -1.351748465180023680e-03 8.794532386752148840e-04 4.340191621186956228e-02 -1.394576870167900211e-02 9.638444073298616660e-03 -6.314926825467200022e-02 6.052863419792574584e-01
7.306967124890500435e-04 2.275097325561637124e-04 -1.190155905935304020e-03 6.239217415801690848e-03 4.897196694728610505e-04 9.639846725480080702e-02 -1.343792504070991795e-02 2.901567743080476786e-03 -1.139458304413456385e-02 4.398144038376428644e-01
5.105898285732100297e-04 -1.576268743077935582e-03 1.517714613332106543e-04 1.559331441453664507e-02 3.740317041734426300e-04 2.023800653696229412e-01 -1.780544850976778504e-02 -2.790825689265042305e-05 9.062222895915248225e-03 2.018153656615420122e-01
6.171354341072868939e-04 -5.395987809854465266e-03 9.566104161614602096e-04 2.661223947629456563e-02 5.599570990578915880e-04 3.179934708555898215e-01 -2.703169021486280868e-02 -1.789628160372289806e-03 2.896659371186210280e-02 1.966092137377464244e-01
2.663443536350148903e-04 1.433856759090632645e-03 -1.632023493902295713e-04 -7.201961062158444837e-03 1.050082317345977194e-04 2.041669149078591539e-01 8.427397723782118974e-03 2.547027309587335795e-04 -9.053161623775349623e-03 3.117224873227967055e-02
4.159315033745131056e-04 -6.361624987787964890e-04 4.906214839636986562e-04 -1.679615847441442295e-02 3.411728144808050039e-04 3.653538206615623007e-01 2.106698888830874777e-02 -1.907968925439028915e-03 -9.351754506859604951e-03 4.076883329756116753e-02
4.923978822420577248e-04 -2.973299140076513750e-03 1.801212563051948767e-03 -2.834648445409686940e-02 5.376166408535714737e-04 5.129454205884250717e-01 3.748034704137219453e-02 -5.926979448092358979e-03 -5.784190387240447859e-03 7.844558745665298344e-03
3.615425674502697312e-04 -3.190269987130084622e-03 9.380270435850788201e-04 -1.602559650629416590e-02 4.034112288446341102e-04 4.536282648513334514e-01 2.458351042266046158e-02 -2.205613211873046816e-03 1.205450546018179206e-02 -5.653625901345342430e-02
2.459547005289936428e-04 1.212011236430178031e-02 -5.108059738792881770e-03 2.479003219225836205e-02 -1.928645972037384764e-04 3.993491193692342289e-01 -2.643615010022994788e-02 1.546422065296872324e-02 -3.014561520184670749e-03 -1.782130653253267139e-01
2.053699634801269306e-04 -2.024899410641717648e-02 1.197496868717947728e-02 2.425448165888140772e-01 9.405577776686396764e-05 5.580946357769634575e-02 -1.108169995003552150e-01 -4.172078311662921063e-02 1.883659151241798280e-02 -6.261042386660638226e-02
3.525564759951002321e-04 -3.430600234154296962e-02 2.013030556974641089e-02 4.085755102948200324e-01 1.520044711137139210e-04 9.530410718379475621e-02 -1.753706530614456416e-01 -6.961870950078276332e-02 3.429061602985106899e-02 -1.098336400123658407e-01
4.394903678318460996e-04 -3.437150317149972184e-02 1.792780366752598498e-02 4.525011454871447070e-01 2.618382806186195645e-04 4.305178426457182544e-02 -1.333816252286964821e-01 -6.065767278989964151e-02 3.375584793594686717e-02 -5.597157903800532158e-02
3.604495427061157691e-04 4.401618177903836304e-02 -1.192517361346103096e-02 4.467407156362853682e-01 1.281249667304968807e-03 -7.803343136984293438e-02 -9.303681618056127388e-04 3.962118502420639010e-02 -9.303173703728501165e-02 9.788165872903521747e-02
4.894908818022546734e-04 2.189777319673857220e-02 -9.174916204190116178e-03 3.603542961473869544e-01 3.257030718975630935e-04 -4.722464095223859876e-02 4.594504400591326726e-02 3.114301899877031793e-02 -3.343326436621248121e-02 5.604193952932334105e-02
4.318411106356868381e-04 4.923338749893989112e-03 -5.608862656524395661e-03 2.511811773167831885e-01 1.000693776176608075e-04 -2.637799605558942620e-02 1.088783855192663880e-01 1.896959508169212758e-02 2.788859443467861694e-03 2.759965176765235423e-02
4.431791551933069156e-04 3.786763324412837153e-03 -5.469147891224337109e-03 2.468398101191082994e-01 3.932790429152359130e-05 -2.105424858454469153e-02 1.147516624163474885e-01 1.864350843842214195e-02 7.312623500937966321e-03 2.124234552738143295e-02
3.373165089766842523e-04 -2.460781602676633960e-04 -3.386238108245343860e-03 1.735170213317178411e-01 1.569009406111327232e-05 -3.837136512306894929e-03 1.117297573255223164e-01 1.167931953081982090e-02 1.470426104722084328e-02 1.910580366917382375e-03
4.417547538075166096e-04 -7.383375472421149473e-04 -5.260589990118235207e-03 2.569525202768468408e-01 3.049106721671467372e-04 4.334363902687583467e-03 1.807667036406677974e-01 1.820465390660551061e-02 2.647496356565475287e-02 -8.075005796461349680e-03
3.452646964641935203e-04 -1.612625524415952846e-02 5.721336529613424773e-03 7.426680170141493342e-02 -9.500125970851818044e-05 -2.256042001963086754e-02 2.380718481017337906e-01 -2.020435824385659676e-02 1.362280812578602236e-02 1.875689176792355237e-02
3.000485345697511200e-04 9.960294208110181610e-03 -2.737376020653470386e-03 4.780426629112632941e-02 3.595744640077842185e-04 1.703647579020344232e-03 3.575762847875503248e-01 9.439739520274133613e-03 -1.932235193816306262e-02 3.308888059719138769e-03
2.873704319352947769e-04 5.238861659012199884e-03 -1.872004902531935067e-03 2.591170521655849351e-02 3.687050989542192637e-04 1.447719725134721976e-02 3.856421666648140456e-01 6.836995861698402094e-03 -4.852997337058078016e-03 -1.187798623956205779e-02
3.434212626468970738e-04 5.857233385182090968e-03 -2.184773427793078836e-03 2.847384081195624556e-02 4.162896608043259970e-04 1.932467131882973504e-02 4.591827095024108019e-01 8.053073278651042347e-03 -3.995840223568127188e-03 -1.665690971983126156e-02
1.376872649061238634e-04 1.954527013126965834e-03 -8.011712106246206538e-04 8.662048074789860386e-03 1.193543232362354219e-04 9.231271917411675368e-03 1.763179500547127632e-01 3.026275915895764758e-03 -1.015632731671985100e-05 -8.592311061932214611e-03
2.555797118909209145e-04 5.536325973025563478e-04 -9.399699153394567089e-04 3.376875038338694301e-03 1.129064814707358044e-04 2.208938209903622135e-02 3.201897030090697371e-01 3.793883100454072208e-03 8.081720444176576298e-03 -2.216274544458266688e-02
2.595004838420056511e-04 -1.184742331640077119e-02 7.392343732982927830e-03 -8.206270963748305003e-02 4.459775401253139436e-05 2.241444539671118112e-03 4.276281321401661506e-01 -2.605143630955590595e-02 2.124818008202777810e-04 -2.357267747010042928e-03
-7.053376875166851301e-01 -8.873794458980463831e-03 6.910733026012915413e-03 -9.049221040512471503e-03 3.893401000508341925e-01 -8.029388800235799650e-03 -6.554200056915320156e-03 6.623202667576304041e-03 -3.459991662525195230e-03 -8.695922005194376206e-03
-1.762940299798267940e-01 -3.585447567656165416e-03 2.805558997609672051e-03 -5.030688673279584168e-03 -9.057481011725906361e-01 -4.658531041385998404e-03 -3.848148422396519691e-03 2.727852836950398537e-03 -1.477550230493884830e-03 -4.562057606413278538e-03
