4.979029184734038840e-07
9.636447005283137468e-01
1.678384042634174818e-05
1.080571904465217618e-05
2.963198401942168175e-06
1.292665034750423260e-05
2.992478400783147326e-06
6.060076497237127281e-06
4.268012221616607603e-06
2.448562670795799790e-06
4.024067059194666151e-06
7.422841592385156891e-07
2.210539004604158406e-06
3.629838408297152233e-06
2.136862554813930197e-06
6.318214426487878427e-07
4.240833079771943843e-07
1.252232747512498075e-06
2.013905634779204458e-06
3.388419879566154957e-06
2.570363737680642270e-06
1.766662095115859702e-06
1.759874580834335698e-06
1.039205645635741827e-06
2.408060308496645788e-06
9.923025571772260497e-07
1.572563055994203981e-06
1.549461997582081727e-06
2.166003418996453798e-06
3.083463956912675891e-07
9.157331836331353835e-07
8.847144853714743485e-07
2.547452270944517913e-02
1.078264297539718516e-02
