9.748577669083975531e-04
2.632818213229223270e-01
5.898952890484251282e-03
4.470908969834487892e-03
2.454626838751596939e-03
4.623209151973345019e-03
2.514435019642436309e-03
3.577153845617064235e-03
3.000251396583004070e-03
2.270017665160886915e-03
2.908888623650087834e-03
1.248241642059934276e-03
2.153782194367312962e-03
2.759015371484635232e-03
2.115743844959102476e-03
1.148753533126696189e-03
9.609522517449731183e-04
1.651309937767475979e-03
2.095644619160982706e-03
2.722037745732827120e-03
2.368142614693384031e-03
1.960779444612818518e-03
1.956661806306811413e-03
1.502509667756869076e-03
2.286772815318672235e-03
1.465023124850196130e-03
1.845030431038742567e-03
1.830290982487884494e-03
2.163866359229754417e-03
8.162989314802328138e-04
1.406060350019787452e-03
1.379274871355714790e-03
2.204895018624996039e-01
1.434899972751737252e-01
