0.000000000000000000e+00
9.999999999999999988e-15
2.015000000000000123e-14
3.045224999999999780e-14
4.090903374999999819e-14
5.152266925620000025e-14
6.229550929509999459e-14
7.322994193450000038e-14
8.432839106349999422e-14
9.559331692949999510e-14
1.070272166829999957e-13
1.186326249340000052e-13
1.304121143080000066e-13
1.423682960220000125e-13
1.545038204630000014e-13
1.668213777699999990e-13
1.793236984360000048e-13
1.920135539130000124e-13
2.048937572209999983e-13
2.179671635799999879e-13
2.312366710329999899e-13
2.447052210990000193e-13
2.583757994149999929e-13
2.722514364070000185e-13
2.863352079530000198e-13
3.006302360719999889e-13
3.151396896129999869e-13
3.298667849570000165e-13
3.448147867320000192e-13
3.599870085330000147e-13
3.753868136609999981e-13
3.910176158649999831e-13
4.068828801030000063e-13
4.229861233049999757e-13
4.393309151549999851e-13
4.559208788819999538e-13
4.727596920649999948e-13
4.898510874460000094e-13
5.071988537580000082e-13
5.248068365639999553e-13
5.426789391130000321e-13
5.608191231990000361e-13
5.792314100469999872e-13
5.979198811979999784e-13
6.168886794159999813e-13
6.361420096070000313e-13
6.556841397510000320e-13
6.755194018480000366e-13
6.956521928749999506e-13
7.160869757680000420e-13
7.368282804049999855e-13
7.578807046109999809e-13
7.792489151799999704e-13
8.009376489079999929e-13
8.229517136420000014e-13
8.452959893459999989e-13
8.679754291859999840e-13
8.909950606240000285e-13
9.143599865340000088e-13
9.380753863319999123e-13
9.621465171260000037e-13
9.865787148829999957e-13
1.011377395610000010e-12
1.036548056540000061e-12
1.062096277390000003e-12
1.088027721549999967e-12
1.114348137370000093e-12
1.141063359430000046e-12
1.168179309829999906e-12
1.195701999469999964e-12
1.223637529459999949e-12
1.251992092409999918e-12
1.280771973790000092e-12
1.309983553399999960e-12
1.339633306700000095e-12
1.369727806300000005e-12
1.400273723400000030e-12
1.431277829249999959e-12
1.462746996689999910e-12
1.494688201640000005e-12
1.527108524659999990e-12
1.560015152530000039e-12
1.593415379820000055e-12
1.627316610509999983e-12
1.661726359669999998e-12
1.696652255069999932e-12
1.732102038889999901e-12
1.768083569479999931e-12
1.804604823019999985e-12
1.841673895359999821e-12
1.879299003799999988e-12
1.917488488850000035e-12
1.956250816180000059e-12
1.995594578429999929e-12
2.035528497099999944e-12
2.076061424560000050e-12
2.117202345930000017e-12
2.158960381120000104e-12
2.201344786830000188e-12
2.244364958640000020e-12
2.288030433020000047e-12
2.332350889509999977e-12
2.377336152850000157e-12
2.422996195150000056e-12
2.469341138070000050e-12
2.516381255149999980e-12
2.564126973969999963e-12
2.612588878580000164e-12
2.661777711759999989e-12
2.711704377440000193e-12
2.762379943099999977e-12
2.813815642249999976e-12
2.866022876880000166e-12
2.919013220029999938e-12
2.972798418329999964e-12
3.027390394610000167e-12
3.082801250529999888e-12
3.139043269289999892e-12
3.196128918320000191e-12
3.254070852100000108e-12
3.312881914879999974e-12
3.372575143599999982e-12
3.433163770759999854e-12
3.494661227319999962e-12
3.557081145729999856e-12
3.620437362920000110e-12
3.684743923360000287e-12
3.750015082210000047e-12
3.816265308439999619e-12
3.883509288070000014e-12
3.951761927390000264e-12
4.021038356300000059e-12
4.091353931649999964e-12
4.162724240620000345e-12
4.235165104230000124e-12
4.308692580789999900e-12
4.383322969500000223e-12
4.459072814049999860e-12
4.535958906260000045e-12
4.613998289849999673e-12
4.693208264199999702e-12
4.773606388160000290e-12
4.855210483990000179e-12
4.938038641250000134e-12
5.022109220860000062e-12
5.107440859180000336e-12
5.194052472060000054e-12
5.281963259149999811e-12
5.371192708029999786e-12
5.461760598649999929e-12
5.553687007629999820e-12
5.646992312749999664e-12
5.741697197439999657e-12
5.837822655400000004e-12
5.935389995229999804e-12
6.034420845159999967e-12
6.134937157840000155e-12
6.236961215199999920e-12
6.340515633430000001e-12
6.445623367929999743e-12
6.552307718449999679e-12
6.660592334230000076e-12
6.770501219240000283e-12
6.882058737530000179e-12
6.995289618589999677e-12
7.110218962870000328e-12
7.226872247319999811e-12
7.345275331029999351e-12
7.465454460989999980e-12
7.587436277909999282e-12
7.711247822079999770e-12
7.836916539410000135e-12
7.964470287500000054e-12
8.093937341810000166e-12
8.225346401939999279e-12
8.358726597969999342e-12
8.494107496939999424e-12
8.631519109390000677e-12
8.770991896029999819e-12
8.912556774470000075e-12
9.056245126089999805e-12
9.202088802980000688e-12
9.350120135020000064e-12
9.500371937050000565e-12
9.652877516110000511e-12
9.807670678850000622e-12
9.964785739030000553e-12
1.012425752509999929e-11
1.028612138799999977e-11
1.045041320879999924e-11
1.061716940690000033e-11
1.078642694799999963e-11
1.095822335230000038e-11
1.113259670259999927e-11
1.130958565310000070e-11
1.148922943790000038e-11
1.167156787949999956e-11
1.185664139759999993e-11
1.204449101860000009e-11
1.223515838390000013e-11
1.242868575969999969e-11
1.262511604599999929e-11
1.282449278670000003e-11
1.302686017850000008e-11
1.323226308120000077e-11
1.344074702739999988e-11
1.365235823279999933e-11
1.386714360630000008e-11
1.408515076040000012e-11
1.430642802180000064e-11
1.453102444219999920e-11
1.475898980880000072e-11
1.499037465590000095e-11
1.522523027579999906e-11
1.546360872990000050e-11
1.570556286090000047e-11
1.595114630379999970e-11
1.620041349830000090e-11
1.645341970079999857e-11
1.671022099629999974e-11
1.697087431129999926e-11
1.723543742590000042e-11
1.750396898730000001e-11
1.777652852209999923e-11
1.805317645000000161e-11
1.833397409670000134e-11
1.861898370820000056e-11
1.890826846379999924e-11
1.920189249070000122e-11
1.949992087809999917e-11
1.980241969129999844e-11
2.010945598659999874e-11
2.042109782639999859e-11
2.073741429380000125e-11
2.105847550820000133e-11
2.138435264090000046e-11
2.171511793050000031e-11
2.205084469940000049e-11
2.239160736989999960e-11
2.273748148049999963e-11
2.308854370269999891e-11
2.344487185820000126e-11
2.380654493609999932e-11
2.417364311009999983e-11
2.454624775679999883e-11
2.492444147310000048e-11
2.530830809520000030e-11
2.569793271669999915e-11
2.609340170739999940e-11
2.649480273299999946e-11
2.690222477400000122e-11
2.731575814560000142e-11
2.773549451779999899e-11
2.816152693560000098e-11
2.859394983959999918e-11
2.903285908719999862e-11
2.947835197349999907e-11
2.993052725310000084e-11
3.038948516190000085e-11
3.085532743929999842e-11
3.132815735089999932e-11
3.180807971119999736e-11
3.229520090689999783e-11
3.278962892049999740e-11
3.329147335430000272e-11
3.380084545460000057e-11
3.431785813639999749e-11
3.484262600850000120e-11
3.537526539860000201e-11
3.591589437959999950e-11
3.646463279530000004e-11
3.702160228720000304e-11
3.758692632149999685e-11
3.816073021630000314e-11
3.874314116959999847e-11
3.933428828710000065e-11
3.993430261140000315e-11
4.054331715059999688e-11
4.116146690780000311e-11
4.178888891150000149e-11
4.242572224510000175e-11
4.307210807879999910e-11
4.372818969999999911e-11
4.439411254550000055e-11
4.507002423369999756e-11
4.575607459720000126e-11
4.645241571609999831e-11
4.715920195190000312e-11
4.787658998119999703e-11
4.860473883089999828e-11
4.934380991329999785e-11
5.009396706199999878e-11
5.085537656800000041e-11
5.162820721649999724e-11
5.241263032470000039e-11
5.320881977960000079e-11
5.401695207630000193e-11
5.483720635740000245e-11
5.566976445279999811e-11
5.651481091960000150e-11
5.737253308340000039e-11
5.824312107959999999e-11
5.912676789579999579e-11
6.002366941429999642e-11
6.093402445550000613e-11
6.185803482229999753e-11
6.279590534470000390e-11
6.374784392479999815e-11
6.471406158369999964e-11
6.569477250750000159e-11
6.669019409509999868e-11
6.770054700649999356e-11
6.872605521159999533e-11
6.976694603980000501e-11
7.082345023040000106e-11
7.189580198380000234e-11
7.298423901360000022e-11
7.408900259880000543e-11
7.521033763780000105e-11
7.634849270230000063e-11
7.750372009290000116e-11
7.867627589419999587e-11
7.986642003270000632e-11
8.107441633319999659e-11
8.230053257809999907e-11
8.354504056680000586e-11
8.480821617529999929e-11
8.609033941799999836e-11
8.739169450919999381e-11
8.871256992690000102e-11
9.005325847579999659e-11
9.141405735289999388e-11
9.279526821320000043e-11
9.419719723639999817e-11
9.562015519490000584e-11
9.706445752289999437e-11
9.853042438570000595e-11
1.000183807509999949e-10
1.015286564629999984e-10
1.030615863099999984e-10
1.046175101040000034e-10
1.061967727560000051e-10
1.077997243470000061e-10
1.094267202120000034e-10
1.110781210159999997e-10
1.127542928309999972e-10
1.144556072229999981e-10
1.161824413320000024e-10
1.179351779520000051e-10
1.197142056210000128e-10
1.215199187049999893e-10
1.233527174859999948e-10
1.252130082479999965e-10
1.271012033720000098e-10
1.290177214219999998e-10
1.309629872440000098e-10
1.329374320520000106e-10
1.349414935330000094e-10
1.369756159360000061e-10
1.390402501750000051e-10
1.411358539279999903e-10
1.432628917370000120e-10
1.454218351130000124e-10
1.476131626400000033e-10
1.498373600790000112e-10
1.520949204799999960e-10
1.543863442879999963e-10
1.567121394519999935e-10
1.590728215440000018e-10
1.614689138670000001e-10
1.639009475750000057e-10
1.663694617879999964e-10
1.688750037149999872e-10
1.714181287709999978e-10
1.739994007030000031e-10
1.766193917130000102e-10
1.792786825890000059e-10
1.819778628280000074e-10
1.847175307699999873e-10
1.874982937320000047e-10
1.903207681379999883e-10
1.931855796600000125e-10
1.960933633540000091e-10
1.990447638050000050e-10
2.020404352620000047e-10
2.050810417909999952e-10
2.081672574180000093e-10
2.112997662789999982e-10
2.144792627729999910e-10
2.177064517149999968e-10
2.209820484899999928e-10
2.243067792179999937e-10
2.276813809059999948e-10
2.311066016200000059e-10
2.345832006439999843e-10
2.381119486539999912e-10
2.416936278829999762e-10
2.453290323020000012e-10
2.490189677860000088e-10
2.527642523029999938e-10
2.565657160870000210e-10
2.604242018290000019e-10
2.643405648559999770e-10
2.683156733290000126e-10
2.723504084289999813e-10
2.764456645549999763e-10
2.806023495240000201e-10
2.848213847669999943e-10
2.891037055380000041e-10
2.934502611210000001e-10
2.978620150379999788e-10
3.023399452639999919e-10
3.068850444430000100e-10
3.114983201089999899e-10
3.161807949109999809e-10
3.209335068339999847e-10
3.257575094369999809e-10
3.306538720789999903e-10
3.356236801600000256e-10
3.406680353619999897e-10
3.457880558930000175e-10
3.509848767309999894e-10
3.562596498820000079e-10
3.616135446300000215e-10
3.670477477999999876e-10
3.725634640169999964e-10
3.781619159769999946e-10
3.838443447170000157e-10
3.896120098870000161e-10
3.954661900360000021e-10
4.014081828859999886e-10
4.074393056290000254e-10
4.135608952140000232e-10
4.197743086420000189e-10
4.260809232719999785e-10
4.324821371210000074e-10
4.389793691780000234e-10
4.455740597150000222e-10
4.522676706110000016e-10
4.590616856699999845e-10
4.659576109549999884e-10
4.729569751190000184e-10
4.800613297459999496e-10
4.872722496920000302e-10
4.945913334380000010e-10
5.020202034390000373e-10
5.095605064910000044e-10
5.172139140879999593e-10
5.249821227999999776e-10
5.328668546420000481e-10
5.408698574610000375e-10
5.489929053229999662e-10
5.572377989029999504e-10
5.656063658869999501e-10
5.741004613749999926e-10
5.827219682959999943e-10
5.914727978200000189e-10
6.003548897870000281e-10
6.093702131340000265e-10
6.185207663310000345e-10
6.278085778259999937e-10
6.372357064929999594e-10
6.468042420910000372e-10
6.565163057219999491e-10
6.663740503079999712e-10
6.763796610630000137e-10
6.865353559789999743e-10
6.968433863180000456e-10
7.073060371130000237e-10
7.179256276700000225e-10
7.287045120850000410e-10
7.396450797660000428e-10
7.507497559630000111e-10
7.620210023020000413e-10
7.734613173369999875e-10
7.850732370970000428e-10
7.968593356529999623e-10
8.088222256880000202e-10
8.209645590729999585e-10
8.332890274589999494e-10
8.457983628710000281e-10
8.584953383139999500e-10
8.713827683889999732e-10
8.844635099150000434e-10
8.977404625639999839e-10
9.112165695019999502e-10
9.248948180439999862e-10
9.387782403150000512e-10
9.528699139200000833e-10
9.671729626290000513e-10
9.816905570679999623e-10
9.964259154239999005e-10
1.011382304160000060e-09
1.026563038719999955e-09
1.041971484300000029e-09
1.057611056560000055e-09
1.073485222410000008e-09
1.089597500749999978e-09
1.105951463260000045e-09
1.122550735209999943e-09
1.139398996239999971e-09
1.156499981180000029e-09
1.173857480900000073e-09
1.191475343109999988e-09
1.209357473260000012e-09
1.227507835359999969e-09
1.245930452889999898e-09
1.264629409680000076e-09
1.283608850819999983e-09
1.302872983589999953e-09
1.322426078339999951e-09
1.342272469519999911e-09
1.362416556559999970e-09
1.382862804909999962e-09
1.403615746980000029e-09
1.424679983189999905e-09
1.446060182929999920e-09
1.467761085680000036e-09
1.489787501960000026e-09
1.512144314489999934e-09
1.534836479209999999e-09
1.557869026400000103e-09
1.581247061790000056e-09
1.604975767720000046e-09
1.629060404239999897e-09
1.653506310299999914e-09
1.678318904950000068e-09
1.703503688530000023e-09
1.729066243859999975e-09
1.755012237510000005e-09
1.781347421080000033e-09
1.808077632390000049e-09
1.835208796879999989e-09
1.862746928829999943e-09
1.890698132760000030e-09
1.919068604760000123e-09
1.947864633830000174e-09
1.977092603340000057e-09
2.006758992389999884e-09
2.036870377269999840e-09
2.067433432929999814e-09
2.098454934420000071e-09
2.129941758439999994e-09
2.161900884819999980e-09
2.194339398090000166e-09
2.227264489060000186e-09
2.260683456400000167e-09
2.294603708240000056e-09
2.329032763870000128e-09
2.363978255319999908e-09
2.399447929150000063e-09
2.435449648090000047e-09
2.471991392810000007e-09
2.509081263699999986e-09
2.546727482660000158e-09
2.584938394900000020e-09
2.623722470820000018e-09
2.663088307889999850e-09
2.703044632499999910e-09
2.743600301990000108e-09
2.784764306520000060e-09
2.826545771119999965e-09
2.868953957690000082e-09
2.911998267049999954e-09
2.955688241059999874e-09
3.000033564670000109e-09
3.045044068139999810e-09
3.090729729169999915e-09
3.137100675099999995e-09
3.184167185229999998e-09
3.231939693010000206e-09
3.280428788400000051e-09
3.329645220229999825e-09
3.379599898530000130e-09
3.430303897010000203e-09
3.481768455470000205e-09
3.534004982299999943e-09
3.587025057029999828e-09
3.640840432889999969e-09
3.695463039379999876e-09
3.750904984970000351e-09
3.807178559749999833e-09
3.864296238140000211e-09
3.922270681709999948e-09
3.981114741939999655e-09
4.040841463069999952e-09
4.101464085020000317e-09
4.162996046290000012e-09
4.225450986990000374e-09
4.288842751789999713e-09
4.353185393069999653e-09
4.418493173959999763e-09
4.484780571569999713e-09
4.552062280149999607e-09
4.620353214349999846e-09
4.689668512560000104e-09
4.760023540249999955e-09
4.831433893360000092e-09
4.903915401760000399e-09
4.977484132779999825e-09
5.052156394769999767e-09
5.127948740699999970e-09
5.204877971809999988e-09
5.282961141379999722e-09
5.362215558499999971e-09
5.442658791879999643e-09
5.524308673759999925e-09
5.607183303869999945e-09
5.691301053420000066e-09
5.776680569229999702e-09
5.863340777759999761e-09
5.951300889429999713e-09
6.040580402769999945e-09
6.131199108809999823e-09
6.223177095450000310e-09
6.316534751879999726e-09
6.411292773150000376e-09
6.507472164750000061e-09
6.605094247220000332e-09
6.704180660930000349e-09
6.804753370850000062e-09
6.906834671409999811e-09
7.010447191479999840e-09
7.115613899349999821e-09
7.222358107839999732e-09
7.330703479459999663e-09
7.440674031650000405e-09
7.552294142129999197e-09
7.665588554259999334e-09
7.780582382570000411e-09
7.897301118309999740e-09
8.015770635089999273e-09
8.136017194609999860e-09
8.258067452530000782e-09
8.381948464319999715e-09
8.507687691279999816e-09
8.635313006650000825e-09
8.764852701750000276e-09
8.896335492279999571e-09
9.029790524659999260e-09
9.165247382529999192e-09
9.302736093269999880e-09
9.442287134669999840e-09
9.583931441690000110e-09
9.727700413320000012e-09
9.873625919519999473e-09
1.002174030830000002e-08
1.017207641290000033e-08
1.032466755909999975e-08
1.047954757249999996e-08
1.063675078610000027e-08
1.079631204790000075e-08
1.095826672859999987e-08
1.112265072949999950e-08
1.128950049049999951e-08
1.145885299780000036e-08
1.163074579280000001e-08
1.180521697970000029e-08
1.198230523440000054e-08
1.216204981290000008e-08
1.234449056010000061e-08
1.252966791850000066e-08
1.271762293729999980e-08
1.290839728130000045e-08
1.310203324059999923e-08
1.329857373920000016e-08
1.349806234529999982e-08
1.370054328039999979e-08
1.390606142960000008e-08
1.411466235109999973e-08
1.432639228640000064e-08
1.454129817070000050e-08
1.475942764319999949e-08
1.498082905790000122e-08
1.520555149369999884e-08
1.543364476610000142e-08
1.566515943760000049e-08
1.590014682919999898e-08
1.613865903160000036e-08
1.638074891710000100e-08
1.662647015089999858e-08
1.687587720310000057e-08
1.712902536120000038e-08
1.738597074160000147e-08
1.764677030270000060e-08
1.791148185730000088e-08
1.818016408510000129e-08
1.845287654640000018e-08
1.872967969460000128e-08
1.901063489000000021e-08
1.929580441339999841e-08
1.958525147960000104e-08
1.987904025170000104e-08
2.017723585549999919e-08
2.047990439340000006e-08
2.078711295929999979e-08
2.109892965359999998e-08
2.141542359840000064e-08
2.173666495240000128e-08
2.206272492670000093e-08
2.239367580060000152e-08
2.272959093760000032e-08
2.307054480170000082e-08
2.341661297370000044e-08
2.376787216830000083e-08
2.412440025080000031e-08
2.448627625459999894e-08
2.485358039839999843e-08
2.522639410440000058e-08
2.560480001600000148e-08
2.598888201619999886e-08
2.637872524640000089e-08
2.677441612509999897e-08
2.717604236700000160e-08
2.758369300249999999e-08
2.799745839760000134e-08
2.841743027350000065e-08
2.884370172759999877e-08
2.927636725349999871e-08
2.971552276229999913e-08
3.016126560380000141e-08
3.061369458780000310e-08
3.107291000669999833e-08
3.153901365679999764e-08
3.201210886159999859e-08
3.249230049449999890e-08
3.297969500190000101e-08
3.347440042699999684e-08
3.397652643339999971e-08
3.448618432989999777e-08
3.500348709479999915e-08
3.552854940130000235e-08
3.606148764230000254e-08
3.660241995689999969e-08
3.715146625630000293e-08
3.770874825009999988e-08
3.827438947390000245e-08
3.884851531600000107e-08
3.943125304569999715e-08
4.002273184139999690e-08
4.062308281900000031e-08
4.123243906129999860e-08
4.185093564719999909e-08
4.247870968189999897e-08
4.311590032720000148e-08
4.376264883210000106e-08
4.441909856449999941e-08
4.508539504299999804e-08
4.576168596869999740e-08
4.644812125819999677e-08
4.714485307710000183e-08
4.785203587319999713e-08
4.856982641129999696e-08
4.929838380750000265e-08
5.003786956459999762e-08
5.078844760809999903e-08
5.155028432219999703e-08
5.232354858700000063e-08
5.310841181580000044e-08
5.390504799309999751e-08
5.471363371299999712e-08
5.553434821859999781e-08
5.636737344190000113e-08
5.721289404359999871e-08
5.807109745420000274e-08
5.894217391600000255e-08
5.982631652480000549e-08
6.072372127259999342e-08
6.163458709170000496e-08
6.255911589809999932e-08
6.349751263660000648e-08
6.444998532610000507e-08
6.541674510600000342e-08
6.639800628260000145e-08
6.739398637680000263e-08
6.840490617250000595e-08
6.943098976510000078e-08
7.047246461159999366e-08
7.152956158069999545e-08
7.260251500439999795e-08
7.369156272950000054e-08
7.479694617049999716e-08
7.591891036300000371e-08
7.705770401850000606e-08
7.821357957869999973e-08
7.938679327239999725e-08
8.057760517149999675e-08
8.178627924909999683e-08
8.301308343780000370e-08
8.425828968939999862e-08
8.552217403470000069e-08
8.680501664519999821e-08
8.810710189490000186e-08
8.942871842329999952e-08
9.077015919970000075e-08
9.213172158769999435e-08
9.351370741149999642e-08
9.491642302269999352e-08
9.634017936800000386e-08
9.778529205849999854e-08
9.925208143940000598e-08
1.007408726610000018e-07
1.022519957509999944e-07
1.037857856869999963e-07
1.053425824720000024e-07
1.069227312099999958e-07
1.085265821779999988e-07
1.101544909099999991e-07
1.118068182739999960e-07
1.134839305480000055e-07
1.151861995060000032e-07
1.169140024990000045e-07
1.186677225359999989e-07
1.204477483739999930e-07
1.222544745999999998e-07
1.240883017189999989e-07
1.259496362450000077e-07
1.278388907890000024e-07
1.297564841500000020e-07
1.317028414130000075e-07
1.336783940339999960e-07
1.356835799440000026e-07
1.377188436440000003e-07
1.397846362979999887e-07
1.418814158430000067e-07
1.440096470800000057e-07
1.461698017859999989e-07
1.483623588130000008e-07
1.505878041950000095e-07
1.528466312579999924e-07
1.551393407270000005e-07
1.574664408379999993e-07
1.598284474509999933e-07
1.622258841629999919e-07
1.646592824250000083e-07
1.671291816610000096e-07
1.696361293859999972e-07
1.721806813269999869e-07
1.747634015469999940e-07
1.773848625699999946e-07
1.800456455089999972e-07
1.827463401910000036e-07
1.854875452939999912e-07
1.882698684740000099e-07
1.910939265010000036e-07
1.939603453980000083e-07
1.968697605790000036e-07
1.998228169880000047e-07
2.028201692430000048e-07
2.058624817809999976e-07
2.089504290080000105e-07
2.120846954429999933e-07
2.152659758749999953e-07
2.184949755130000127e-07
2.217724101460000124e-07
2.250990062979999996e-07
2.284755013919999959e-07
2.319026439129999898e-07
2.353811935719999932e-07
2.389119214760000050e-07
2.424956102980000257e-07
2.461330544519999766e-07
2.498250602690000166e-07
2.535724461730000132e-07
2.573760428660000082e-07
2.612366935080000129e-07
2.651552539109999876e-07
2.691325927199999826e-07
2.731695916110000190e-07
2.772671454850000149e-07
2.814261626670000121e-07
2.856475651069999828e-07
2.899322885839999855e-07
2.942812829120000075e-07
2.986955121559999835e-07
3.031759548380000089e-07
3.077236041610000019e-07
3.123394682229999841e-07
3.170245702470000188e-07
3.217799487999999970e-07
3.266066580319999893e-07
3.315057679029999933e-07
3.364783644209999924e-07
3.415255498879999759e-07
3.466484431359999943e-07
3.518481797829999854e-07
3.571259124799999818e-07
3.624828111669999902e-07
3.679200633349999874e-07
3.734388742849999905e-07
3.790404673989999897e-07
3.847260844100000120e-07
3.904969856759999796e-07
3.963544504609999790e-07
4.022997772180000036e-07
4.083342838760000212e-07
4.144593081350000032e-07
4.206762077569999997e-07
4.269863608729999780e-07
4.333911662860000256e-07
4.398920437799999804e-07
4.464904344369999767e-07
4.531878009539999839e-07
4.599856279679999961e-07
4.668854223870000200e-07
4.738887137230000139e-07
4.809970544289999926e-07
4.882120202449999630e-07
4.955352105489999486e-07
5.029682487069999854e-07
5.105127824380000125e-07
5.181704841750000204e-07
5.259430514369999805e-07
5.338322072090000016e-07
5.418397003170000261e-07
5.499673058219999590e-07
5.582168254089999721e-07
5.665900877900000397e-07
5.750889491070000035e-07
5.837152933439999986e-07
5.924710327439999609e-07
6.013581082350000255e-07
6.103784898580000271e-07
6.195341772059999489e-07
6.288271998639999739e-07
6.382596178619999527e-07
6.478335221299999855e-07
6.575510349619999886e-07
6.674143104869999878e-07
6.774255351439999963e-07
6.875869281709999692e-07
6.979007420939999718e-07
7.083692632249999653e-07
7.189948121729999614e-07
7.297797443559999921e-07
7.407264505209999895e-07
7.518373572789999827e-07
7.631149276380000267e-07
7.745616615529999771e-07
7.861800964760000052e-07
7.979728079230000064e-07
8.099424100419999889e-07
8.220915561929999555e-07
8.344229395360000110e-07
8.469392936290000114e-07
8.596433930330000461e-07
8.725380539289999894e-07
8.856261347379999829e-07
8.989105367590000513e-07
9.123942048100000145e-07
9.260801278819999784e-07
9.399713397999999661e-07
9.540709198970000209e-07
9.683819936959999019e-07
9.829077336010000915e-07
9.976513596049998964e-07
1.012616139999999945e-06
1.027805392100000078e-06
1.043222482980000018e-06
1.058870830229999936e-06
1.074753902680000093e-06
1.090875221220000093e-06
1.107238359539999899e-06
1.123846944930000010e-06
1.140704659100000078e-06
1.157815238989999997e-06
1.175182477579999939e-06
1.192810224740000028e-06
1.210702388110000028e-06
1.228862933929999936e-06
1.247295887940000016e-06
1.266005336260000060e-06
1.284995426299999916e-06
1.304270367700000018e-06
1.323834433210000011e-06
1.343691959710000059e-06
1.363847349110000032e-06
1.384305069339999970e-06
1.405069655390000055e-06
1.426145710220000077e-06
1.447537905869999902e-06
1.469250984460000009e-06
1.491289759219999901e-06
1.513659115609999918e-06
1.536364012350000071e-06
1.559409482530000095e-06
1.582800634770000048e-06
1.606542654290000077e-06
1.630640804110000040e-06
1.655100426170000043e-06
1.679926942560000064e-06
1.705125856700000070e-06
1.730702754549999924e-06
1.756663305870000067e-06
1.783013265450000085e-06
1.809758474440000103e-06
1.836904861549999981e-06
1.864458444479999940e-06
1.892425331139999898e-06
1.920811721109999883e-06
1.949623906929999869e-06
1.978868275529999977e-06
2.008551309660000032e-06
2.038679589310000116e-06
2.069259793150000196e-06
2.100298700049999908e-06
2.131803190550000088e-06
2.163780248409999803e-06
2.196236962129999939e-06
2.229180526559999802e-06
2.262618244460000145e-06
2.296557528129999915e-06
2.331005901049999845e-06
2.365970999570000049e-06
2.401460574559999875e-06
2.437482493179999878e-06
2.474044740579999914e-06
2.511155421679999910e-06
2.548822763009999799e-06
2.587055114450000008e-06
2.625860951169999981e-06
2.665248875440000015e-06
2.705227618570000207e-06
2.745806042849999823e-06
2.786993143490000053e-06
2.828798050640000141e-06
2.871230031399999791e-06
2.914298491879999809e-06
2.958012979250000142e-06
3.002383183939999817e-06
3.047418941700000128e-06
3.093130235830000137e-06
3.139527199359999862e-06
3.186620117350000086e-06
3.234419429119999972e-06
3.282935730549999837e-06
3.332179776510000184e-06
3.382162483159999818e-06
3.432894930410000177e-06
3.484388364360000202e-06
3.536654199829999895e-06
3.589704022819999991e-06
3.643549593170000086e-06
3.698202847059999863e-06
3.753675899770000045e-06
3.809981048270000028e-06
3.867130773989999752e-06
3.925137745599999951e-06
3.984014821780000212e-06
4.043775054109999585e-06
4.104431689919999865e-06
4.165998175269999646e-06
4.228488157900000001e-06
4.291915490269999811e-06
4.356294232619999688e-06
4.421638656109999704e-06
4.487963245950000423e-06
4.555282704639999645e-06
4.623611955210000153e-06
4.692966144540000243e-06
4.763360646709999712e-06
4.834811066410000345e-06
4.907333242410000049e-06
4.980943251039999767e-06
5.055657409810000369e-06
5.131492280949999827e-06
5.208464675170000418e-06
5.286591655299999834e-06
5.365890540129999799e-06
5.446378908230000149e-06
5.528074601850000252e-06
5.610995730880000012e-06
5.695160676840000233e-06
5.780588096999999677e-06
5.867296928450000232e-06
5.955306392380000020e-06
6.044635998260000194e-06
6.135305548239999747e-06
6.227335141459999843e-06
6.320745178580000392e-06
6.415556366259999664e-06
6.511789721749999757e-06
6.609466577580000075e-06
6.708608586240000052e-06
6.809237725039999766e-06
6.911376300910000123e-06
7.015046955429999596e-06
7.120272669760000417e-06
7.227076769810000375e-06
7.335482931350000290e-06
7.445515185320000193e-06
7.557197923100000310e-06
7.670555901950000706e-06
7.785614250479999454e-06
7.902398474240000120e-06
8.020934461349999209e-06
8.141248488270000011e-06
8.263367225589999485e-06
8.387317743979999998e-06
8.513127520140000731e-06
8.640824442940000602e-06
8.770436819579999636e-06
8.901993381879999559e-06
9.035523292599999530e-06
9.171056151990000278e-06
9.308622004269999269e-06
9.448251344339999371e-06
9.589975124500000640e-06
9.733824761370000314e-06
9.879832142789999428e-06
1.002802963490000055e-05
1.017845008950000073e-05
1.033112685080000044e-05
1.048609376360000065e-05
1.064338517999999963e-05
1.080303596769999933e-05
1.096508151720000060e-05
1.112955775000000040e-05
1.129650112619999997e-05
1.146594865309999984e-05
1.163793789290000026e-05
1.181250697129999955e-05
1.198969458589999951e-05
1.216954001469999968e-05
1.235208312490000051e-05
1.253736438180000048e-05
1.272542485750000018e-05
1.291630624040000039e-05
1.311005084400000005e-05
1.330670161660000081e-05
1.350630215090000060e-05
1.370889669310000062e-05
1.391453015349999925e-05
1.412324811580000048e-05
1.433509684760000032e-05
1.455012331029999948e-05
1.476837516990000041e-05
1.498990080750000049e-05
1.521474932960000076e-05
1.544297057959999949e-05
1.567461514819999986e-05
1.590973438549999933e-05
1.614838041130000005e-05
1.639060612740000128e-05
1.663646522930000113e-05
1.688601221780000096e-05
1.713930241099999907e-05
1.739639195720000094e-05
1.765733784660000063e-05
1.792219792429999853e-05
1.819103090310000067e-05
1.846389637670000066e-05
1.874085483230000134e-05
1.902196766480000035e-05
1.930729718980000109e-05
1.959690665760000029e-05
1.989086026750000141e-05
2.018922318150000004e-05
2.049206153920000162e-05
2.079944247229999893e-05
2.111143411939999924e-05
2.142810564120000005e-05
2.174952723579999942e-05
2.207577015430000169e-05
2.240690671670000152e-05
2.274301032739999909e-05
2.308415549229999949e-05
2.343041783470000016e-05
2.378187411219999909e-05
2.413860223390000169e-05
2.450068127739999909e-05
2.486819150659999968e-05
2.524121438920000083e-05
2.561983261500000016e-05
2.600413011420000010e-05
2.639419207600000097e-05
2.679010496710000015e-05
2.719195655160000120e-05
2.759983590989999891e-05
2.801383345850000123e-05
2.843404097040000132e-05
2.886055159500000014e-05
2.929345987890000165e-05
2.973286178710000065e-05
3.017885472389999897e-05
3.063153755469999755e-05
3.109101062799999676e-05
3.155737579750000080e-05
3.203073644439999974e-05
3.251119750110000224e-05
3.299886547359999803e-05
3.349384846570000092e-05
3.399625620269999674e-05
3.450620005569999730e-05
3.502379306660000091e-05
3.554914997260000031e-05
3.608238723219999778e-05
3.662362305069999976e-05
3.717297740639999954e-05
3.773057207750000217e-05
3.829653066870000315e-05
3.887097863869999734e-05
3.945404332829999873e-05
4.004585398820000069e-05
4.064654180799999873e-05
4.125623994510000260e-05
4.187508355430000234e-05
4.250320981759999689e-05
4.314075797489999852e-05
4.378786935450000193e-05
4.444468740480000263e-05
4.511135772589999754e-05
4.578802810179999675e-05
4.647484853330000287e-05
4.717197127130000008e-05
4.787955085040000285e-05
4.859774412319999785e-05
4.932671029499999710e-05
5.006661095939999928e-05
5.081761013380000112e-05
5.157987429579999827e-05
5.235357242030000126e-05
5.313887601659999729e-05
5.393595916679999917e-05
5.474499856429999666e-05
5.556617355280000294e-05
5.639966616609999822e-05
5.724566116859999701e-05
5.810434609609999886e-05
5.897591129750000310e-05
5.986054997699999668e-05
6.075845823669999901e-05
6.166983512019999871e-05
6.259488265699999772e-05
6.353380590690000111e-05
6.448681300550000467e-05
6.545411521059999892e-05
6.643592694870000437e-05
6.743246586290000159e-05
6.844395286090000077e-05
6.947061216379999511e-05
7.051267135629999858e-05
7.157036143660000375e-05
7.264391686809999965e-05
7.373357563119999395e-05
7.483957927560000120e-05
7.596217297479999941e-05
7.710160557940000001e-05
7.825812967309999811e-05
7.943200162819999703e-05
8.062348166259999959e-05
8.183283389750000086e-05
8.306032641600000427e-05
8.430623132220000401e-05
8.557082480210000054e-05
8.685438718409999970e-05
8.815720300190000170e-05
8.947956105689999686e-05
9.082175448279999712e-05
9.218408081000000528e-05
9.356684203210000246e-05
9.497034467259999799e-05
9.639489985270000244e-05
9.784082336050000371e-05
9.930843572089999901e-05
1.007980622669999934e-04
1.023100332110000050e-04
1.038446837189999994e-04
1.054023539849999950e-04
1.069833893039999956e-04
1.085881401540000028e-04
1.102169622659999987e-04
1.118702167099999998e-04
1.135482699710000005e-04
1.152514940309999993e-04
1.169802664509999983e-04
1.187349704580000035e-04
1.205159950249999970e-04
1.223237349600000056e-04
1.241585909939999942e-04
1.260209698689999881e-04
1.279112844269999941e-04
1.298299537040000027e-04
1.317774030190000040e-04
1.337540640750000060e-04
1.357603750459999948e-04
1.377967806809999955e-04
1.398637324019999951e-04
1.419616883979999994e-04
1.440911137340000010e-04
1.462524804499999969e-04
1.484462676660000091e-04
1.506729616909999972e-04
1.529330561270000010e-04
1.552270519790000121e-04
1.575554577679999979e-04
1.599187896449999913e-04
1.623175715000000046e-04
1.647523350820000133e-04
1.672236201180000081e-04
1.697319744299999919e-04
1.722779540560000048e-04
1.748621233769999893e-04
1.774850552380000048e-04
1.801473310770000116e-04
1.828495410529999937e-04
1.855922841780000010e-04
1.883761684510000024e-04
1.912018109880000093e-04
1.940698381629999986e-04
1.969808857449999976e-04
1.999355990410000075e-04
2.029346330370000089e-04
2.059786525429999939e-04
2.090683323409999871e-04
2.122043573359999992e-04
2.153874227059999937e-04
2.186182340559999907e-04
2.218975075769999959e-04
2.252259702010000098e-04
2.286043597640000124e-04
2.320334251699999887e-04
2.355139265579999958e-04
2.390466354659999989e-04
2.426323350079999960e-04
2.462718200429999771e-04
2.499658973540000223e-04
2.537153858239999792e-04
2.575211166220000105e-04
2.613839333810000004e-04
2.653046923920000235e-04
2.692842627880000250e-04
2.733235267389999773e-04
2.774233796509999856e-04
2.815847303549999818e-04
2.858085013209999835e-04
2.900956288499999930e-04
2.944470632929999999e-04
2.988637692530000185e-04
3.033467258009999953e-04
3.078969266980000150e-04
3.125153806090000177e-04
3.172031113279999925e-04
3.219611580080000246e-04
3.267905753879999753e-04
3.316924340289999912e-04
3.366678205490000243e-04
3.417178378679999783e-04
3.468436054459999749e-04
3.520462595369999747e-04
3.573269534400000066e-04
3.626868577519999919e-04
3.681271606279999903e-04
3.736490680480000011e-04
3.792538040780000065e-04
3.849426111500000073e-04
3.907167503270000128e-04
3.965775015919999853e-04
4.025261641260000100e-04
4.085640565970000224e-04
4.146925174560000117e-04
4.209129052279999921e-04
4.272265988170000062e-04
4.336349978089999919e-04
4.401395227860000186e-04
4.467416156380000082e-04
4.534427398819999865e-04
4.602443809909999859e-04
4.671480467160000127e-04
4.741552674259999945e-04
4.812675964479999971e-04
4.884866104040000217e-04
4.958139095700000521e-04
5.032511182239999496e-04
5.107998850070000164e-04
5.184618832919999894e-04
5.262388115520000255e-04
5.341323937349999953e-04
5.421443796510000282e-04
5.502765453559999844e-04
5.585306935460000429e-04
5.669086539589999899e-04
5.754122837790000538e-04
5.840434680459999795e-04
5.928041200759999766e-04
6.016961818870000160e-04
6.107216246259999535e-04
6.198824490050000493e-04
6.291806857499999874e-04
6.386183960460000081e-04
6.481976719970000255e-04
6.579206370870000061e-04
6.677894466529999719e-04
6.778062883630000179e-04
6.879733826990000207e-04
6.982929834489999587e-04
7.087673782109999657e-04
7.193988888939999637e-04
7.301898722369999780e-04
7.411427203310000074e-04
7.522598611460000169e-04
7.635437590729999766e-04
7.749969154689999957e-04
7.866218692109999862e-04
7.984211972590000463e-04
8.103975152280000482e-04
8.225534779670000277e-04
8.348917801460000333e-04
8.474151568580000219e-04
8.601263842209999708e-04
8.730282799950000354e-04
8.861237042039999626e-04
8.994155597779999751e-04
9.129067931840000386e-04
9.266003950919999947e-04
9.404994010280000013e-04
9.546068920539999914e-04
9.689259954450000134e-04
9.834598853860000885e-04
9.982117836769999631e-04
1.013184960439999973e-03
1.028382734860000102e-03
1.043808475889999952e-03
1.059465603039999983e-03
1.075357587100000002e-03
1.091487950909999973e-03
1.107860270189999939e-03
1.124478174249999999e-03
1.141345346869999944e-03
1.158465527089999917e-03
1.175842509999999990e-03
1.193480147659999914e-03
1.211382349890000000e-03
1.229553085140000068e-03
1.247996381429999913e-03
1.266716327160000025e-03
1.285717072079999978e-03
1.305002828170000011e-03
1.324577870600000037e-03
1.344446538670000107e-03
1.364613236760000041e-03
1.385082435330000066e-03
1.405858671870000021e-03
1.426946551949999928e-03
1.448350750240000057e-03
1.470076011510000049e-03
1.492127151689999964e-03
1.514509058969999928e-03
1.537226694869999908e-03
1.560285095299999893e-03
1.583689371739999997e-03
1.607444712330000081e-03
1.631556383019999983e-03
1.656029728779999941e-03
1.680870174720000077e-03
1.706083227350000103e-03
1.731674475770000107e-03
1.757649592920000007e-03
1.784014336820000058e-03
1.810774551880000053e-03
1.837936170169999920e-03
1.865505212730000006e-03
1.893487790930000001e-03
1.921890107809999960e-03
1.950718459440000090e-03
1.979979236339999855e-03
2.009678924890000076e-03
2.039824108780000176e-03
2.070421470420000069e-03
2.101477792480000058e-03
2.132999959379999928e-03
2.164994958779999784e-03
2.197469883169999878e-03
2.230431931430000136e-03
2.263888410410000180e-03
2.297846736580000208e-03
2.332314437640000022e-03
2.367299154210000030e-03
2.402808641540000144e-03
2.438850771170000039e-03
2.475433532749999905e-03
2.512565035750000206e-03
2.550253511290000077e-03
2.588507313970000046e-03
2.627334923690000188e-03
2.666744947560000054e-03
2.706746121780000038e-03
2.747347313620000005e-03
2.788557523330000096e-03
2.830385886189999787e-03
2.872841674489999986e-03
2.915934299620000052e-03
2.959673314130000128e-03
3.004068413850000206e-03
3.049129440069999787e-03
3.094866381680000042e-03
3.141289377410000187e-03
3.188408718080000190e-03
3.236234848859999812e-03
3.284778371610000067e-03
3.334050047190000032e-03
3.384060797910000157e-03
3.434821709889999877e-03
3.486344035550000171e-03
3.538639196089999814e-03
3.591718784039999845e-03
3.645594565809999812e-03
3.700278484310000077e-03
3.755782661580000029e-03
3.812119401520000072e-03
3.869301192550000153e-03
3.927340710449999696e-03
3.986250821120000329e-03
4.046044583439999814e-03
4.106735252199999846e-03
4.168336281000000094e-03
4.230861325220000059e-03
4.294324245110000410e-03
4.358739108799999755e-03
4.424120195440000257e-03
4.490481998380000360e-03
4.557839228370000155e-03
4.626206816799999927e-03
4.695599919059999933e-03
4.766033917860000059e-03
4.837524426640000402e-03
4.910087293049999677e-03
4.983738602450000187e-03
5.058494681499999847e-03
5.134372101730000186e-03
5.211387683270000092e-03
5.289558498530000027e-03
5.368901876010000358e-03
5.449435404159999607e-03
5.531176935239999655e-03
5.614144589280000396e-03
5.698356758129999658e-03
5.783832109510000062e-03
5.870589591160000134e-03
5.958648435040000101e-03
6.048028161569999998e-03
6.138748584010000377e-03
6.230829812779999782e-03
6.324292259979999789e-03
6.419156643889999993e-03
6.515443993560000001e-03
6.613175653470000116e-03
6.712373288280000343e-03
6.813058887620000378e-03
6.915254770940000226e-03
7.018983592509999737e-03
7.124268346410000084e-03
7.231132371619999888e-03
7.339599357200000083e-03
7.449693347569999978e-03
7.561438747790000248e-03
7.674860329019999976e-03
7.789983233969999948e-03
7.906832982489999870e-03
8.025435477229999476e-03
8.145817009399999517e-03
8.268004264550000634e-03
8.392024328529999744e-03
8.517904693469999927e-03
8.645673263880000736e-03
8.775358362850000510e-03
8.906988738300000361e-03
9.040593569389999973e-03
9.176202472939999286e-03
9.313845510039999234e-03
9.453553192700000010e-03
9.595356490599999191e-03
9.739286837970000457e-03
9.885376140549999996e-03
1.000000000000000021e-02
