1.399203125531433437e-07
9.897808076226088936e-01
5.370371460704367705e-06
3.545998439271713734e-06
9.002291521356726051e-07
3.723173057897521383e-06
8.397768127290181191e-07
1.731640484566065735e-06
1.223348355456528915e-06
7.077762011293409638e-07
1.166516910926240805e-06
2.182711131666781598e-07
6.509449762611739029e-07
1.072070805517830997e-06
6.336434809065912474e-07
1.914875976512528697e-07
1.317089952011464626e-07
3.900597517760424643e-07
6.314083948181865635e-07
1.076444847639150021e-06
8.218906347298988057e-07
5.706935435476920047e-07
5.690919706769098425e-07
3.375312528117862331e-07
7.834822570522968796e-07
3.276751902376369482e-07
5.230300875688956933e-07
5.174117387422667544e-07
7.236022156772986973e-07
1.031127276183429658e-07
3.070900728367766244e-07
3.008964187789883859e-07
7.171944614735226674e-03
3.017017463391725475e-03
